<?xml version="1.0"?>
<opencv_storage>
<H_matrix type_id="opencv-matrix">
  <rows>3</rows>
  <cols>3</cols>
  <dt>f</dt>
  <data>
    500. -2.22201050e+002 -4.26717500e+004 0. 1.93154327e+002
    1.64296326e+003 0. -6.94378257e-001 3.66650787e+002</data></H_matrix>
</opencv_storage>
