<?xml version="1.0"?>
<opencv_storage>
<H_matrix type_id="opencv-matrix">
  <rows>3</rows>
  <cols>3</cols>
  <dt>f</dt>
  <data>
    500. -2.18150421e+002 -4.36438984e+004 0. 2.02193726e+002
    -5.26493835e+002 0. -6.81720078e-001 3.63612823e+002</data></H_matrix>
</opencv_storage>
